Relative characters
1       0.4     0
2       0.4     0
3       0.6     0
4       0.4     0
5       0.533333333333333       0
6       0.533333333333333       0
7       0.4     0
8       0.4     0
9       0.533333333333333       0
10      0.6     0
11      0.6     0
12      -0.2    0
13      0.6     0
14      0.533333333333333       0
15      0.533333333333333       0
16      0.533333333333333       0
17      0.4     0
18      0.533333333333333       0
19      0.533333333333333       0
20      0.4     0
21      0.533333333333333       0
22      0.533333333333333       0
23      0.533333333333333       0
24      0.533333333333333       0
25      0.4     0
26      0.4     1
27      0.333333333333333       1
28      0.4     1
29      0.133333333333334       1
30      0.333333333333333       1
31      0.4     1
32      0.4     1
33      0.333333333333333       1
34      0.4     1
35      0.4     1
36      0.4     1
37      0.4     1
38      0.4     1
39      0.333333333333333       1
40      0.4     1
41      0.333333333333333       1
42      0.533333333333333       0
43      0.333333333333333       1
44      0.4     0
45      0.333333333333333       1
46      0.4     1
47      0.333333333333333       1
48      0.4     1
49      0.333333333333333       1
50      0.333333333333333       1
51      0.333333333333333       1
52      0.333333333333333       1
53      0.333333333333333       1
54      0.4     1
55      0.333333333333333       1
56      0.4     1
57      0.4     1
58      0.4     1
59      0.333333333333333       1
60      0.4     1
61      0.333333333333333       1
62      0.4     1
63      0.333333333333333       1
64      0.4     1
65      0.333333333333333       1
66      0.333333333333333       1
67      0.6     0
68      0.6     0
69      0.533333333333333       0
70      0.4     0
71      0.533333333333333       0
72      0.533333333333333       0
73      0.533333333333333       0
74      0.533333333333333       0
75      0.533333333333333       0
76      0.533333333333333       0
77      0.4     0
78      0.4     0
79      0.533333333333333       0
80      0.533333333333333       0
81      0.4     1
82      0.333333333333333       1
83      0.333333333333333       1
84      0.4     1
85      0.333333333333333       1
86      0.6     0
87      0.4     0
88      0.4     0
89      0.4     0
90      0.533333333333333       0
91      0.4     0
92      0.333333333333333       1
93      0.333333333333333       1
94      0.333333333333333       1
95      0.533333333333333       0
96      0.333333333333333       1
97      0.333333333333333       1
98      0.333333333333333       1
99      0.333333333333333       1

Distance matrix

        Australopithecus_afarensis      Australopithecus_africanus      Australopithecus_sediba Homo_naledi     Homo_neanderthalensis   Homo_sapiens
Australopithecus_afarensis      0       0.195121951219512       0.438564196962724       0.626783248964565       0.811780947998159       0.708697653014266
Australopithecus_africanus      0.195121951219512       0       0.42751955821445        0.511734928670041       0.822825586746433       0.731707317073171
Australopithecus_sediba 0.438564196962724       0.42751955821445        0       0.348366313851818       0.749654855039116       0.738610216290842
Homo_naledi     0.626783248964565       0.511734928670041       0.348366313851818       0       0.527381500230097       0.538426138978371
Homo_neanderthalensis   0.811780947998159       0.822825586746433       0.749654855039116       0.527381500230097       0       0.171191900598251
Homo_sapiens    0.708697653014266       0.731707317073171       0.738610216290842       0.538426138978371       0.171191900598251       0

Correlation matrix

        Australopithecus_afarensis      Australopithecus_africanus      Australopithecus_sediba Homo_naledi     Homo_neanderthalensis   Homo_sapiens
Australopithecus_afarensis      1       0.909981858785888       0.413752944876892       -0.337836660058246      -0.878744608608179      -0.785811041741219
Australopithecus_africanus      0.909981858785888       1       0.482235122710785       -0.126096741185565      -0.919635109457475      -0.846856925882118
Australopithecus_sediba 0.413752944876892       0.482235122710785       1       0.433226920175535       -0.756348305609369      -0.813179137280194
Homo_naledi     -0.337836660058246      -0.126096741185565      0.433226920175535       1       -0.0708634040365536     -0.172631573689901
Homo_neanderthalensis   -0.878744608608179      -0.919635109457475      -0.756348305609369      -0.0708634040365536     1       0.941329638619265
Homo_sapiens    -0.785811041741219      -0.846856925882118      -0.813179137280194      -0.172631573689901      0.941329638619265       1